0 0.098284 0.237255 0.102941 0.184967
0 0.099142 0.446405 0.101225 0.187582
0 0.226961 0.610948 0.108824 0.193791
0 0.224510 0.812418 0.105392 0.198039
0 0.097794 0.842320 0.100490 0.183987
0 0.096201 0.647876 0.097304 0.185294
0 0.439338 0.887092 0.216422 0.149346
0 0.438971 0.574837 0.219118 0.143791
0 0.438113 0.421242 0.213971 0.143791
0 0.438603 0.268791 0.216422 0.139542
0 0.436152 0.122386 0.211520 0.138235
0 0.602451 0.078268 0.000000 0.002288
0 0.717525 0.146895 0.228676 0.152614
0 0.867157 0.252451 0.230392 0.148039
0 0.735539 0.300490 0.259804 0.152614
0 0.720098 0.451961 0.230392 0.150327
0 0.867525 0.443137 0.240931 0.152288
0 0.867892 0.642484 0.240196 0.152288
0 0.719608 0.603922 0.232843 0.147059
0 0.721201 0.756863 0.231127 0.150327
0 0.722059 0.915850 0.231373 0.159150
0 0.876471 0.837582 0.242647 0.163399
