0 0.138072 0.072549 0.146078 0.137745
0 0.298366 0.073284 0.139869 0.142647
0 0.464216 0.070466 0.138889 0.140441
0 0.630719 0.072917 0.141176 0.143382
0 0.803758 0.075123 0.148039 0.146324
0 0.751797 0.214216 0.144118 0.142647
0 0.584150 0.209559 0.146078 0.148529
0 0.380065 0.233701 0.203268 0.108088
0 0.131863 0.222672 0.148039 0.128676
0 0.720098 0.381618 0.293137 0.092647
0 0.317320 0.493873 0.163399 0.148529
0 0.124183 0.514461 0.150980 0.107353
0 0.549510 0.512132 0.199020 0.104167
0 0.774673 0.516299 0.202288 0.109559
0 0.856863 0.635907 0.143791 0.144853
0 0.677778 0.634436 0.147059 0.147794
0 0.489379 0.632475 0.146078 0.153186
0 0.304902 0.633946 0.147059 0.145343
0 0.133333 0.658824 0.118301 0.114216
0 0.142974 0.775980 0.160458 0.140196
0 0.331046 0.776838 0.158170 0.144853
0 0.503105 0.772549 0.142810 0.150000
0 0.746078 0.776716 0.145098 0.140196
0 0.905882 0.890196 0.103268 0.169118
0 0.752288 0.913971 0.110458 0.126471
0 0.632353 0.913480 0.123529 0.137745
0 0.469281 0.915441 0.149020 0.140196
0 0.299837 0.916912 0.155229 0.140196
0 0.138562 0.918137 0.149020 0.139216
