0 0.094975 0.257353 0.120833 0.123203
0 0.094240 0.395261 0.120833 0.108824
0 0.216789 0.296569 0.130637 0.136275
0 0.095098 0.762908 0.122549 0.131699
0 0.231863 0.754085 0.094118 0.183987
0 0.235049 0.550490 0.095588 0.177451
0 0.346691 0.354412 0.140441 0.125163
0 0.345466 0.479575 0.137990 0.138235
0 0.347549 0.610784 0.132353 0.124183
0 0.343382 0.735621 0.130882 0.133987
0 0.470833 0.772059 0.135784 0.178758
0 0.461887 0.579902 0.145343 0.170915
0 0.461029 0.379902 0.147059 0.178758
0 0.467525 0.184967 0.140441 0.167974
0 0.600735 0.131046 0.128922 0.225490
0 0.606863 0.358660 0.121569 0.229739
0 0.601593 0.589706 0.130637 0.216667
0 0.608456 0.816176 0.136520 0.236275
0 0.736029 0.757516 0.154412 0.147059
0 0.737132 0.572222 0.145343 0.138562
0 0.735539 0.388725 0.145588 0.133007
0 0.898162 0.476307 0.115931 0.190523
0 0.901348 0.713889 0.115931 0.190523
