0 0.205882 0.107353 0.136601 0.118627
0 0.283987 0.256740 0.207190 0.085049
0 0.515196 0.224142 0.140850 0.137990
0 0.550490 0.098652 0.135621 0.127206
0 0.692974 0.093137 0.134967 0.122549
0 0.771569 0.239828 0.279739 0.097304
0 0.821732 0.093995 0.134967 0.127206
0 0.169608 0.516422 0.145752 0.101961
0 0.317157 0.512990 0.138889 0.099510
0 0.458170 0.511029 0.134641 0.100490
0 0.597059 0.510539 0.145098 0.098039
0 0.240033 0.379289 0.195098 0.097304
0 0.626634 0.370466 0.191830 0.102696
0 0.423856 0.358333 0.139869 0.134804
